0000000000000000000000000000000000000000000000000000000000000000000000000000000000000000000000000000
0000000100000000000000000000000000000000000000000000000000000000000000000001000000000000000000000000
0000000000000000000000000100000000000000000000000000000000000000000000000001000000000000001000000000
0000000000011000000000000000000100000000000000000000000001000000000000000000000000010000000000000000
0000000000000000000010000000000000000000000000000110000000000000000000000000100000000000000010000000
0000000000100000000000000000000001000000000000000000000000001000000000000000000000010000000000000000
0000000000000000000001000000000000000000000000000010000000000000000000010100000000000000000000000000
0000000001000000000000001000000000000000000100000000000000000000000000000000000000100000000000000000
0000000000000000110000000000000000000000000000000000000000000000000000000000000010000000000000000000
0000000000000000000000000000000010000000000000000000000000001000000000000000000000000000010000000000
0000000000000000010000000000000000000000001000000000000000000000000000000000000000100000000000000000
0000000000000000000000000000010000000000000000000000000000000010000000000000000000000001000000000000
0000000000000001000000000000000000000000000010000000000000000000000000000001000000000000000000010000
0000000000000100000000000000000000000000000000000000000000100000000000000000000000010000000000000000
0000000000000000100000000000000000000000000000000100000000000000000000000010100001000000000000000000
0000000000000000000000000000100000000000000000000000000000001000000000000000000000000000010000000000
0000000000000000010000000000000000000000000000000000000100000000000000000000000000000000000000000000
0000000010000000000000000000010000000000000000000000001000000000000000010000000000000000000010000000
0000000000000000001000000000000000000010000000000000000000000010000000000000000001000000000000000000
0000000000100000000000000000000100000000000000000010000000000000000000000010000000000000001000000000
0000010000000000000000010000000000000000100000000000000000000000000001000000000000000010000000000000
0000000000010000000000000000000000000000000000000010000000000000000000000000000000100000000000000000
0100000000000000000001000000000000000000000001000000000000000000010000000000000000000001000000000000
0000000000000001000000000000001000000000000000100000000000000001000000000000000010000000000000000000
0000000000000100000000000000000000000000001000000000000000000000000000000000100000000000000000000001
0000000000000100000000000000000001000000000000000000000000000000010000000000000000000000010000000000
0000000001000000000000000000001000000000000000000001000000000000000000001000000000000000000000000000
0001010000000000000000000100000000000000010000000000000000000000010000000000000000000100000000000000
0000000000100000000000000000000001000000000000000000000000000000010000000000000000010000000000000000
0000000000000000000000010000000000000000000000000000000000000000000000000000000000000000000000000000
0000000000000000000000000000000000000000100000000000000000000000000000000000010000000000000000000000
0000000000000010000000000000000000000000000000000000000100000000000000000000000000000000100000000000
0000000000000000000100000000000000000000000000000000000000000000000000000001000000000000000000000000
0000000000000000000000000000000000000010000000000000000000000000000000000000000000000000000000001000
0000000000000000000010000000000000000000010000001000000000001000000000000000000000000000000000000000
0000000000010000000000000000000000000000000000000000000000000000000000000000000000000000000010000000
0000000000000000000000000000000000000000000000000000000100000000000000000000000000000000000000000000
0000000000000000000100000000000000000000000000000000000000000000010000000000000000000001000000000000
0000000000000000010000000000000000000000000000000000010000000000000000000000000010000000000000000000
0000000000000001000000000000000000000000000000001000000000000000000000000000000001000000000000000000
0000000000000001000000000000000000000000000000000000100000000000000000000000000000001000000000000000
0000000000000000000000000010000000000000000000000000000000000000001000000000000000000000000000000000
0000000000000010000000000000000000000000000000000000001000000000000000000000001000000000000000000000
0000000100000000000000000000000000000000100000000000000000010000000000000001000000000010000000100010
0000000000000000000000000000000000000000000000000000000000000000000000000000000000000000000000000000
0000000000000000000000000000000000000000000000000000000000000000000000000000000000000000000000000000
0000000000000000000000000000000000000000000000000000000000000000000000000000000000000000000000000000
0000000000000000000000000000000000000000000000000000000000000000000000000000000000000000000000000000
0000000000000000000000000000000000000000000000000000000000000000000000000000000000000000000000000000
0000000000000000000000000000000000000000000000000000000000000000000000000000000000000000000000000000